{"pipeline_run_timestamp":"2025-10-23T16:28:10","global_parameters":{"Bpto_Ns_m":37126,"sea_state_file":"ST84040.txt"},"case_data":{"case_index":1,"case_description":"Pure Uncoupled Modes","source_files":{"config_matrix":"C0_180_wamit_matrices_case1.txt","rao":"C0_180_CASE1.4"},"configuration":{"alpha_deg":20,"bt_m":0,"ht_m":1.882,"phi_deg":0,"Kprime_pto":0.005,"Kpto_N_m":2061.32625},"modal_properties":{"natural_periods_s":[18.3652,4.0782,3.273],"mode1_participation_pct":{"surge":99,"heave":0,"pitch":2},"mode2_participation_pct":{"surge":3,"heave":0,"pitch":97},"mode3_participation_pct":{"surge":0,"heave":100,"pitch":0}},"aep_summary":{"AEP_MWh":94.736265452686965,"ExpectedPower_kW":10.814642174964264},"figure_data":{"PowerSurface_2D":{"description":"Time-averaged power matrix vs. Peak Wave Period and Significant Wave Height","x_variable":{"name":"Tp","unit":"s"},"y_variables":[{"name":"Hs","unit":"m"}],"z_variable":{"name":"AvgPower","unit":"kW"},"x_values":[0.5,1,1.5,2,2.5,3,3.5,4,4.5,5,5.5,6,6.5,7,7.5,8,8.5,9,9.5,10,10.5,11,11.5,12,12.5,13,13.5,14,14.5,15,15.5,16,16.5,17,17.5,18,18.5,19,19.5,20],"y_values":[0.5,1,1.5,2],"z_matrix":[[4.6655622221167446E-7,1.8662248888237744E-6,4.1990059998002134E-6,7.4648995551026651E-6],[0.00527850423220685,0.021114010744257779,0.047506501208132663,0.08445594522764524],[0.19797370224266228,0.79186766670470854,1.7816004667478533,3.1670364140430181],[1.1290707633303654,4.5142272876657081,10.149310247358081,18.024082106503332],[2.6409888043862733,10.544942775084587,23.65512230971331,41.877944006316483],[4.3211446031891674,17.245571059854605,38.657213346400411,68.365803011636871],[4.12580199437783,16.455714068456682,36.848668211439552,65.074605844611412],[3.6440147888375836,14.516991006341202,32.444140605667044,57.142139404293722],[3.4884142472515647,13.876709684376355,30.938030684982259,54.307396377969049],[3.5823731510265264,14.221464222150853,31.600465453990669,55.215174337812],[3.9573538197614155,15.661936866110308,34.626403678137734,60.088081639833682],[4.7450012892216,18.685043770969266,40.973848320432374,70.3249335786178],[6.221641250717326,24.287950289847917,52.522980559776364,88.51085457918802],[8.7054320087330712,33.488703299427456,70.776842623655739,115.9080745749115],[11.085396278394983,41.96342008287494,86.581521746999428,137.99343015724156],[9.30390176259762,35.404132466110113,73.626774583260385,118.41482800804478],[5.2763877735928455,20.488116305824249,43.94218752542978,73.308747015000236],[2.7899216177872805,10.983239881491267,24.076104932318366,41.31031641729605],[1.5799245104531288,6.263857485104074,13.888994795474616,24.199451318629158],[0.974074237806725,3.8759643591912911,8.6457593229378276,15.187188973053917],[0.646458450776326,2.577500608217262,5.7683994497492,10.178914612390175],[0.45579500434241432,1.819404288487128,4.0795880497561647,7.2179231556089132],[0.33796154061650829,1.3499895114986529,3.0305497541998889,5.3705326727286149],[0.26038412660573462,1.040570606039267,2.3376742845513814,4.1469302158372869],[0.207465989848423,0.82933285667725942,1.8640124096838402,3.3088760236549115],[0.16965198026388634,0.67830656833407543,1.5250583476166519,2.7084040967448413],[0.14191866199953293,0.56749849954417719,1.276206019101229,2.2671518869395273],[0.12081751161883353,0.48316155983851672,1.0867056055239734,1.9309062760739448],[0.10456231704774679,0.41818245006683069,0.94065747477710271,1.6716483526896555],[0.09168097910887843,0.36668027167156442,0.82486700057527651,1.4660235110678967],[0.081261741232161511,0.32502019430430634,0.73119289308263369,1.2996411956022877],[0.072742477076049777,0.29095145183375182,0.65457154039890741,1.1635105612053098],[0.065675811835007772,0.26269208711197373,0.59101378620994216,1.0505815473120348],[0.059690927101965871,0.23875688685600621,0.53717552940689817,0.9549083931554263],[0.054597675954558313,0.21838656304163218,0.49135247557199496,0.87347062189748426],[0.05018959479949827,0.20075495128719079,0.45168576364940261,0.80296485721918542],[0.0463941580515694,0.18557605667136876,0.41754152805180833,0.74228200803512179],[0.043039258118026426,0.17215736813966928,0.387352824563543,0.68862144914140955],[0.040103539873659083,0.16041472007265709,0.3609332795195882,0.64165749155321439],[0.037471379748459974,0.14988520407864422,0.33724051410607492,0.59953570472144824]]},"RAO_Magnitude":{"description":"Response Amplitude Operators (RAOs) at CG vs. Wave Period","x_variable":{"name":"Period","unit":"s"},"y_variables":[{"name":"SurgeRAO","unit":"m/m"},{"name":"HeaveRAO","unit":"m/m"},{"name":"PitchRAO","unit":"deg/m"}],"data":[[0.5,1.5437316359579526E-5,8.251854E-5,0.00050522541749209449],[1,0.001602289150185856,0.01348459,0.19312178468036992],[1.5,0.022257439515217425,0.06181231,1.9204892120898744],[2,0.090886945219937981,0.08055406,6.7239920413813854],[2.5,0.143990529576377,0.157676,13.080236851536005],[3,0.13595893959999267,1.005116,16.828710093776291],[3.5,0.10449809697682233,1.126119,19.320927533568639],[4,0.0702900349529251,1.053033,21.737434330312396],[4.5,0.050372707324672771,1.021688,24.55412349906528],[5,0.074277682906187692,1.00766,28.107143648652592],[5.5,0.13346755376956176,1.001199,32.850231516194334],[6,0.22094908098403948,0.9978303,39.494897550839859],[6.5,0.34853999102563904,0.9959866,49.111673285745454],[7,0.5342846587153347,0.9949107,62.468728966420954],[7.5,0.74740452424746884,0.9942063,75.050996739052863],[8,0.81713606203285882,0.9938732,72.184431594233843],[8.5,0.71264248334965907,0.993724,56.361680690102581],[9,0.58723175674277883,0.993285,42.144449201175128],[9.5,0.49176575573983672,0.9933521,32.360616161943234],[10,0.42274961618393847,0.9932718,25.7261888830967],[10.5,0.37188642203744227,0.9934469,21.072069901982879],[11,0.33306359802864105,0.9935656,17.673438959871518],[11.5,0.30255248817867103,0.993623,15.111859249400634],[12,0.27787649427013755,0.9936956,13.113720505083451],[12.5,0.25746640333683746,0.9935974,11.526547198479753],[13,0.24021180728910735,0.9937063,10.232086570252489],[13.5,0.22548813613375887,0.9936809,9.1639671894137056],[14,0.21260956964436634,0.9938285,8.2626873889390673],[14.5,0.20132580643013379,0.9937452,7.50304848499872],[15,0.19128577524976564,0.9939229,6.847922812468183],[15.5,0.18232030758312989,0.9939108,6.2814337108443876],[16,0.17424374135959769,0.9939547,5.7864096350072582],[16.5,0.16694182496817669,0.9939612,5.3530478500399044],[17,0.16029947576066989,0.99397,4.9692709785787619],[17.5,0.15417591435415121,0.9939973,4.6263717810112279],[18,0.14854583071203212,0.994036,4.3192446304248922],[18.5,0.1433592979248878,0.9938984,4.04509635756849],[19,0.13855882107817338,0.9939004,3.7973058621614926],[19.5,0.13405897820157087,0.9939914,3.5717031573709357],[20,0.12985317583029229,0.9939943,3.3669681484368383]]},"Added_Mass_Coeffs":{"description":"Frequency-dependent added mass coefficients at CG vs. Wave Period","x_variable":{"name":"Period","unit":"s"},"y_variables":[{"name":"A11","unit":"x10^3 kg"},{"name":"A33","unit":"x10^3 kg"},{"name":"Abs_A15","unit":"x10^3 kg*m"},{"name":"A55","unit":"x10^3 kg*m^2"}],"data":[[0.5,8.22360985,12.123638499999998,2.0893613308599996,8.2385977594591377],[1,7.169525475,11.477007,2.1030395458599989,8.17067390955314],[1.5,4.7801008250000008,12.811608249999999,2.75844015702,8.2871238027455529],[2,3.2678896249999996,13.201261999999998,3.7963089574000004,8.00444658756024],[2.5,10.5556345,12.00944325,2.6329441172000005,8.0769005645827185],[3,18.23551875,11.55594225,0.43575538000000236,8.6466725675879985],[3.5,18.65906925,11.85966,0.0712599188000022,8.78742238335088],[4,17.479673499999997,12.44556025,0.2727861036000031,8.7550691021833575],[4.5,16.457881750000002,13.05967875,0.49576776880000034,8.70352452451088],[5,15.73294025,13.598347,0.66434564839999988,8.65868455875184],[5.5,15.22782025,14.05159175,0.7837342864000002,8.6278634547806412],[6,14.86986975,14.41554875,0.868385682600001,8.6049485826737584],[6.5,14.60882275,14.703266249999999,0.93083855540000149,8.5896072157150414],[7,14.414247,14.92901225,0.97735919720000131,8.5746628065907213],[7.5,14.264638,15.103662,1.012414303800002,8.56674207422688],[8,14.1476445,15.23722975,1.0404143681999996,8.5587609314003181],[8.5,14.05481025,15.34016025,1.0623534354000004,8.5526178754030422],[9.000001,13.9796265,15.417701500000002,1.0806948264000003,8.5487875437846412],[9.5,13.918546749999999,15.4774385,1.0944269728000018,8.5439855629012786],[10,13.86766575,15.520201499999999,1.1062783672000005,8.5407834328827175],[10.5,13.82391875,15.552991250000002,1.1167547200000008,8.538307231572],[11,13.78736725,15.57722225,1.1246230135999995,8.53524110269936],[11.5,13.75645325,15.59374525,1.1324931522000006,8.53465994249872],[12,13.728757750000002,15.60629125,1.1377334113999986,8.5318372235806414],[12.5,13.70510075,15.61201075,1.1440635982000023,8.5307115041483179],[13,13.68474425,15.614583499999998,1.1487985488000012,8.5302411900388755],[13.5,13.666294249999998,15.616408,1.1528864538000017,8.5286800743668785],[14,13.65020175,15.61598775,1.1562573508000005,8.527204714754081],[14.5,13.635892749999998,15.6132305,1.1593869874000011,8.52575044531824],[15,13.6230085,15.61012475,1.1630582996000012,8.5259721240329576],[15.5,13.6119385,15.60385175,1.1657590926000012,8.5251204459897583],[16,13.601524500000002,15.595088,1.1670610311999989,8.5234079350691214],[16.5,13.591602499999999,15.58739025,1.1699788290000015,8.5235651699904018],[17,13.5832385,15.582049999999999,1.1713680976000014,8.5224803480777584],[17.5,13.575786749999999,15.575736000000001,1.1733515218000012,8.5215124053636817],[18,13.5686835,15.567525750000001,1.1753041795999997,8.5212396567209616],[18.5,13.56207225,15.559705,1.1765408216000015,8.5207096969201572],[19,13.55622975,15.5541905,1.1775398686000007,8.5202772231473585],[19.5,13.55079725,15.546708,1.1794686316000007,8.52085724837616],[20,13.545744000000001,15.540435,1.1809961193999989,8.5215426487414412]]},"NatPeriods_vs_WavePeriod":{"description":"Calculated Natural Periods T1, T2, T3 vs. Wave Period (due to freq-dep added mass)","x_variable":{"name":"WavePeriod","unit":"s"},"y_variables":[{"name":"NatPeriod_T1","unit":"s"},{"name":"NatPeriod_T2","unit":"s"},{"name":"NatPeriod_T3","unit":"s"}],"data":[[0.5,16.043092579952141,1.8258079061457462,1.5270714653051825],[1,15.667837933129434,1.8034645003554401,1.523682968499585],[1.5,14.792971925054673,1.849283322254762,1.519058430032977],[2,14.223367274681889,1.8624481261349464,1.4882499704513761],[2.5,16.852226218250074,1.8218819791353287,1.5167783491532338],[3,19.226558250033762,1.8062068032339074,1.5534372452317007],[3.5,19.346033228455145,1.8167197087495437,1.5595749773531593],[4,19.001134920170106,1.836830109039568,1.5579963077944288],[4.5,18.697819228099128,1.8576753991012807,1.555488920973197],[5,18.479748294880928,1.8757689487919018,1.5532541948827217],[5.5,18.326299159908775,1.890859050749887,1.5516477656159753],[6,18.216778891056983,1.902889823606396,1.5504346082161566],[6.5,18.136502058017609,1.9123468995713331,1.54958373676265],[7,18.076434394475413,1.9197343988506799,1.5488009443777542],[7.5,18.030103629376775,1.9254303343185504,1.5483368880132582],[8,17.993798159196608,1.9297750979941906,1.5478974468054121],[8.5,17.964933980543584,1.9331166148037819,1.5475550656716053],[9.000001,17.941531881041012,1.9356300901589421,1.5473191244494802],[9.5,17.922481106020896,1.9375642220117322,1.5470645397412619],[10,17.906601705165855,1.9389475946808232,1.5468816110865431],[10.5,17.892941520510792,1.940007667032972,1.5467335538722686],[11,17.881507810863422,1.9407906678759907,1.5465738981563883],[11.5,17.871848992552625,1.9413244115978934,1.5465129003557994],[12,17.863165951189075,1.9417295875815548,1.5463749479147051],[12.5,17.855771579490735,1.94191427217539,1.5462996615806333],[13,17.849396603818686,1.941997341824409,1.5462576094309639],[13.5,17.843613726841717,1.9420562492109918,1.5461754310023552],[14,17.8385655320102,1.9420426807472242,1.5461000594122074],[14.5,17.834077435373231,1.9419536568127274,1.5460267696983534],[15,17.830047323325548,1.9418533752007332,1.5460174831198765],[15.5,17.826577522751418,1.94165081050244,1.5459702738060483],[16,17.823295397202926,1.9413677798809208,1.5458953545256822],[16.5,17.820191323672876,1.941119143245442,1.5458871735930801],[17,17.817559204945148,1.940946634138506,1.5458369231729079],[17.5,17.815224193988954,1.9407426504587684,1.5457887185437633],[18,17.812999061810178,1.9404773729185811,1.5457681838563271],[18.5,17.81091969464174,1.9402246467113178,1.5457407644905248],[19,17.809080615336594,1.9400464269352973,1.5457183706688327],[19.5,17.807384463424363,1.9398045783510165,1.5457318630905292],[20,17.805802895870425,1.9396018011899621,1.5457513811056172]]},"ModalPower_Total_SignedPct":{"description":"Signed percentage contribution of each mode to total average power vs. Peak Wave Period (at Hs=1m ref)","x_variable":{"name":"PeakPeriod","unit":"s"},"y_variables":[{"name":"Surge_Contrib","unit":"percent"},{"name":"Heave_Contrib","unit":"percent"},{"name":"Pitch_Contrib","unit":"percent"}],"data":[[0.5,12.97109655877704,71.534060043711222,15.494843397511742],[1,0.57938649385407637,42.21082598379288,57.209787522353054],[1.5,13.714118664876363,10.511112889711463,75.774768445412178],[2,13.538616007152465,1.7612394341827036,84.700144558664832],[2.5,9.7391320482584316,1.8483945336184551,88.412473418123113],[3,4.843329485895433,31.891701364216317,63.264969149888238],[3.5,3.9205479894978295,30.828291898415294,65.2511601120869],[4,4.061579253495637,23.392551744257432,72.545869002246931],[4.5,4.6479219319029221,18.20033008935247,77.1517479787446],[5,5.6694078377150685,13.990748058111894,80.339844104173039],[5.5,7.06776179379557,10.364271143878645,82.567967062325792],[6,8.7804314641677585,7.2464033418600717,83.973165193972164],[6.5,10.750356194026303,4.7276934131586605,84.521950392815043],[7,12.960027533783439,2.9433575945744272,84.096614871642146],[7.5,15.295359331243638,2.0335500399356494,82.671090628820721],[8,17.306770162315495,2.1174782174802531,80.575751620204244],[8.5,18.858295144534662,3.2547228692810695,77.886981986184267],[9,20.197939774155071,5.424857328064963,74.377202897779966],[9.5,21.316753201937946,8.5461903399623367,70.137056458099721],[10,22.147980162144421,12.468915065953153,65.383104771902438],[10.5,22.648827803356848,17.014797975049152,60.336374221594],[11,22.84220988650819,21.97427395379561,55.1835161596962],[11.5,22.76350164072273,27.102892693107467,50.1336056661698],[12,22.430171945081021,32.294789011180768,45.275039043738211],[12.5,21.928242824185954,37.337363138950948,40.734394036863094],[13,21.266031960955505,42.208206981433683,36.525761057610815],[13.5,20.520949598113422,46.806040987898072,32.67300941398851],[14,19.682532423092489,51.135783639206863,29.181683937700654],[14.5,18.838379865476981,55.048858809759338,26.112761324763685],[15,17.968693837799176,58.685516093558554,23.345790068642263],[15.5,17.105520279304198,62.009056297733267,20.885423422962536],[16,16.270003137027803,65.008708641222512,18.721288221749681],[16.5,15.46537574190128,67.730607142494378,16.804017115604349],[17,14.694177101131753,70.180354040909819,15.125468857958428],[17.5,13.951862879460903,72.42555376544648,13.622583355092619],[18,13.245477859463428,74.455218267771386,12.299303872765197],[18.5,12.596863109396303,76.261894302629,11.141242587974705],[19,11.98104092985443,77.894726421280964,10.124232648864599],[19.5,11.384762853106396,79.426908040935928,9.18832910595768],[20,10.840279609411853,80.7704821114295,8.3892382791586471]]},"ModalPower_DB_SignedPct":{"description":"Signed percentage contribution of each mode to DB Tether average power vs. Peak Wave Period (at Hs=1m ref)","x_variable":{"name":"PeakPeriod","unit":"s"},"y_variables":[{"name":"Surge_Contrib","unit":"percent"},{"name":"Heave_Contrib","unit":"percent"},{"name":"Pitch_Contrib","unit":"percent"}],"data":[[0.5,16.178372602589892,61.345938183822909,22.475689213587202],[1,85.126349329878011,-318.87208632215305,333.74573699227506],[1.5,21.664598854365977,-51.70934044970096,130.04474159533498],[2,18.016927944900043,-13.808980466641135,95.7920525217411],[2.5,7.7242641868782842,11.635895797059382,80.639840016062337],[3,6.186618525986801,40.337453857647773,53.475927616365425],[3.5,7.7359873440133047,36.688175991376227,55.57583666461047],[4,6.2912618903247415,28.691112380893706,65.017625728781553],[4.5,4.9125149304165765,22.84418347537326,72.243301594210152],[5,4.2772277166876993,18.2890734669908,77.43369881632151],[5.5,4.4903875143588348,14.746386510907069,80.763225974734084],[6,5.5222275374715375,12.184476998061418,82.293295464467036],[6.5,7.2738865978214493,10.683954045339908,82.042159356838638],[7,9.6394887738465922,10.318622258543016,80.04188896761039],[7.5,12.427086095375838,11.06859086485095,76.5043230397732],[8,15.148466358828298,12.751602390922359,72.099931250249355],[8.5,17.542279570018028,15.140590703593848,67.317129726388131],[9,19.742667957330678,18.110609063429077,62.146722979240245],[9.5,21.732113315952816,21.499189007316932,56.768697676730248],[10,23.438995370335942,25.119514035002954,51.4414905946611],[10.5,24.837754421806661,28.815596237063172,46.346649341130167],[11,25.950313785921729,32.468756704994583,41.580929509083688],[11.5,26.739517350220133,35.992052114652708,37.268430535127159],[12,27.331841264075802,39.33779432590061,33.330364410023591],[12.5,27.666156718328327,42.472165522240068,29.861677759431604],[13,27.845237378073744,45.405118653413034,26.749643968513226],[13.5,27.899540770571324,48.12502060984022,23.975438619588456],[14,27.872989533822896,50.665814745386761,21.461195720790354],[14.5,27.661178431849027,52.958079309709518,19.380742258441465],[15,27.442590247506843,55.106220122853,17.451189629640147],[15.5,27.146692386225606,57.086413482142092,15.766894131632311],[16,26.819596045675613,58.904912516499195,14.275491437825186],[16.5,26.446977846743241,60.578573115060443,12.974449038196326],[17,26.054115004114227,62.116988600362909,11.828896395522861],[17.5,25.655514719197015,63.564939741718661,10.779545539084319],[18,25.275570495336286,64.928667125365251,9.7957623792984485],[18.5,24.827662274384355,66.129368047305164,9.0429696783104809],[19,24.39358702766701,67.253713619743351,8.3526993525896334],[19.5,23.987367889709336,68.362250862457557,7.6503812478330993],[20,23.549188856934343,69.333944257155181,7.1168668859104764]]},"ModalPower_CA_SignedPct":{"description":"Signed percentage contribution of each mode to CA Tether average power vs. Peak Wave Period (at Hs=1m ref)","x_variable":{"name":"PeakPeriod","unit":"s"},"y_variables":[{"name":"Surge_Contrib","unit":"percent"},{"name":"Heave_Contrib","unit":"percent"},{"name":"Pitch_Contrib","unit":"percent"}],"data":[[0.5,-46.670992379049579,261.00893375355463,-114.33794137450511],[1,-0.32275321980028249,46.063833820198965,54.258919399601325],[1.5,11.798308469594785,25.499334935264002,62.702356595141225],[2,10.816357019367436,11.223360694471433,77.960282286161132],[2.5,13.133009376336879,-14.642459228072713,101.50944985173582],[3,-15.077835776963452,-93.346941619275086,208.42477739623854],[3.5,-5.8929342846575885,15.756351444839813,90.136582839817763],[4,0.35639998472907941,14.587625580893535,85.05597443437739],[4.5,4.2742136433947451,11.641440498124169,84.084345858481086],[5,7.49780471813645,8.3456940216753353,84.156501260188207],[5.5,10.375587107498516,4.740113676470779,84.884299216030712],[6,13.015192881161623,0.828470144160803,86.156336974677586],[6.5,15.464850401217275,-3.3486727425440592,87.883822341326777],[7,17.790786844050615,-7.7838971095229459,89.993110265472325],[7.5,19.887865363474148,-12.432845313535191,92.544979950061062],[8,21.182546711529142,-16.980255900667537,95.7977091891384],[8.5,21.5326583389921,-20.899297537318443,99.36663919832634],[9,21.253979758368093,-24.006903121933082,102.75292336356499],[9.5,20.208606444400363,-25.98626196977623,105.77765552537586],[10,18.186173073948549,-26.352136205568904,108.16596313162037],[10.5,14.949515651886038,-24.48345116743819,109.53393551555214],[11,10.458558526798271,-19.830886001726945,109.37232747492867],[11.5,4.97427940805015,-12.667420426991416,107.69314101894128],[12,-1.5581108466868316,-2.1735549133533056,103.73166576004013],[12.5,-8.4503988954743186,10.151239623670007,98.2991592718043],[13,-15.459559113210149,24.359337574916733,91.100221538293425],[13.5,-21.99904952115795,39.204693789337796,82.794355731820147],[14,-27.566825897432128,53.84673069948461,73.720095197947515],[14.5,-32.4256517160412,67.191868353830927,65.233783362210275],[15,-35.890939413668221,79.033665728538011,56.857273685130217],[15.5,-38.587391079324469,89.307780666221618,49.279610413102866],[16,-40.241579871319033,97.704990405693962,42.53658946562507],[16.5,-41.345188308109876,104.72798556808647,36.617202740023394],[17,-41.839610347370105,110.30487560658382,31.534734740786273],[17.5,-41.827441000261054,114.6526941445388,27.174746855722255],[18,-41.209231642472339,117.57740675099136,23.631824891481003],[18.5,-40.961737925464028,120.63222642361657,20.32951150184746],[19,-40.373250437875214,122.77650171321741,17.596748724657783],[19.5,-39.431815038218019,124.0419845872198,15.389830450998218],[20,-38.674731780475,125.32814653049313,13.346585249981874]]}}}}