{"pipeline_run_timestamp":"2025-10-23T20:01:43","global_parameters":{"Bpto_Ns_m":38255,"sea_state_file":"ST84040.txt"},"case_data":{"case_index":3,"case_description":"Double Surge-Pitch Coupling","source_files":{"config_matrix":"C7_wamit_matrices_case3.txt","rao":"C7_CASE3.4"},"configuration":{"alpha_deg":60,"bt_m":0.86,"ht_m":1.489,"phi_deg":30.009391420149548,"Kprime_pto":0.28,"Kpto_N_m":129235.70394000002},"modal_properties":{"natural_periods_s":[4.9491,3.382,2.3156],"mode1_participation_pct":{"surge":68,"heave":0,"pitch":32},"mode2_participation_pct":{"surge":33,"heave":0,"pitch":67},"mode3_participation_pct":{"surge":0,"heave":100,"pitch":0}},"aep_summary":{"AEP_MWh":50.083863413072841,"ExpectedPower_kW":5.7173360060585434},"figure_data":{"PowerSurface_2D":{"description":"Time-averaged power matrix vs. Peak Wave Period and Significant Wave Height","x_variable":{"name":"Tp","unit":"s"},"y_variables":[{"name":"Hs","unit":"m"}],"z_variable":{"name":"AvgPower","unit":"kW"},"x_values":[0.5,1,1.5,2,2.5,3,3.5,4,4.5,5,5.5,6,6.5,7,7.5,8,8.5,9,9.5,10,10.5,11,11.5,12,12.5,13,13.5,14,14.5,15,15.5,16,16.5,17,17.5,18,18.5,19,19.5,20],"y_values":[0.5,1,1.5,2],"z_matrix":[[0.0010074569825973113,0.0040298280972120492,0.0090671138443649182,0.016119315058291738],[0.036017994097597421,0.14407265847053019,0.32416604210735989,0.57630156174210312],[0.24666718155148179,0.98682192173046512,2.2209238184382962,3.9497385463783186],[0.880534692573072,3.5245513425916775,7.9392751978244291,14.136713794003953],[16.531153217036852,68.456840801714151,162.35818096750708,307.87891145962379],[3.0120345479210737,12.085706488715099,27.332873624799447,48.937128915222345],[3.8486345953446843,15.4145183050346,34.757172827128514,61.974463733294172],[6.4575166385634652,25.861237946562071,58.303443896443632,103.93385822210715],[10.787262247944289,43.224213372479738,97.529094623140935,174.04196591566915],[11.629899248983348,46.615640116683529,105.23131547474205,187.88834077041287],[6.2134191456891346,24.887131311689508,56.118034698007044,100.05647163483741],[2.781979131741422,11.136153070031973,25.086766080782436,44.672699386969548],[1.3607486890734057,5.4453558282260275,12.260815467785941,21.818523062397837],[0.74387590223674738,2.9763174627072435,6.6997391288376367,11.918103622474174],[0.44659073752549683,1.7866822550617638,4.0212279876570571,7.1518026529839469],[0.28941762149941891,1.1578114285895025,2.6056028367702382,4.6334897780889337],[0.19978418108014742,0.79920829148120909,1.7984806560083526,3.1979430136625342],[0.14541322319371536,0.58168764539140816,1.3089273212118941,2.3273050805951212],[0.11064056194244272,0.44258137154168675,0.99587931694237108,1.7706287002413417],[0.0873818524629359,0.34953813248688648,0.78650096504173694,1.3983237803105264],[0.071193996868330028,0.28478285290696725,0.64078635507463311,1.1392369030784859],[0.059531810358431976,0.23813172295586221,0.53581226894368406,0.95259370548588218],[0.050850091357034215,0.20340284152253724,0.4576656253962833,0.81365068940328422],[0.044208667952184019,0.17683625198431888,0.39788748775941107,0.70737025983277713],[0.039004143307221385,0.15601761679711845,0.35104354785198011,0.62408714385825492],[0.034822846971716573,0.13929218121365633,0.31341024335390011,0.55718067331316457],[0.031416722198091079,0.12566756458798706,0.28275425804852972,0.50267948877027091],[0.028576929158370703,0.11430818677558031,0.2571949732670179,0.45723914876505273],[0.026170364508548444,0.10468184445310416,0.23553536404687406,0.41873230660598715],[0.024111378499162592,0.096445675029806457,0.21700337171468115,0.38578527125016426],[0.022330562061452879,0.089322478606417247,0.2009762628253956,0.35729265130375804],[0.020768321540564922,0.083073363834346839,0.18691535917734217,0.33229469417287877],[0.019395463592514803,0.07758199218020892,0.17455987084244226,0.31032948908450275],[0.018163374128899231,0.072653598615189,0.16347087782621009,0.2906154843798851],[0.017068680842815733,0.068274804108782491,0.1536185222199539,0.27310002932508365],[0.016072412817326777,0.064289662652028817,0.14465178319898034,0.25715883029896708],[0.0151817341246274,0.060727025530368614,0.13663601345613011,0.242908844713591],[0.014356550361333044,0.057426294052787541,0.12920936754369933,0.22970590403520816],[0.013615886227069244,0.054463603004911071,0.12254322896520872,0.21785483138070713],[0.012925188646404788,0.05170074610993039,0.11632664664666753,0.20680284713490335]]},"RAO_Magnitude":{"description":"Response Amplitude Operators (RAOs) at CG vs. Wave Period","x_variable":{"name":"Period","unit":"s"},"y_variables":[{"name":"SurgeRAO","unit":"m/m"},{"name":"HeaveRAO","unit":"m/m"},{"name":"PitchRAO","unit":"deg/m"}],"data":[[0.5,0.0033322269907116787,1.08376E-5,0.055069351464873226],[1,0.039291809279769004,0.003834738,0.6246076485306864],[1.5,0.087519393424862632,0.07141485,2.9155071996790967],[2,0.042696195045452391,0.217824,6.7802278489734773],[2.5,2.0581299446433734,0.2636438,42.126996906735442],[3,1.0489441748312736,0.1932873,15.770542989838932],[3.5,1.4599732722266057,0.0680274,14.286416142689511],[4,2.1679686448608009,0.01686182,17.994427105437666],[4.5,3.1471027859047038,0.07151271,25.35658526861371],[5,3.6257837643880966,0.109288,29.49827371607433],[5.5,2.90777342322701,0.1368909,24.0774627205621],[6,2.1102745828886436,0.1578435,17.776479689747845],[6.5,1.5818781427110256,0.1741977,13.523184793373691],[7,1.2384318115422852,0.1872581,10.7178401889644],[7.5,1.0035501818007775,0.1978418,8.7735766661233683],[8,0.83480905719393284,0.2065352,7.360221565828506],[8.5,0.70846916301459473,0.2137713,6.2902343425775964],[9,0.6107897992903315,0.2198677,5.455001678978868],[9.5,0.53329774774588923,0.2250231,4.7866641726504122],[10,0.47055279996468763,0.2294406,4.241466182693677],[10.5,0.41884150094028161,0.2332473,3.7892563780976993],[11,0.375643871320784,0.2365604,3.4093630145719529],[11.5,0.33908647471956838,0.2394347,3.0860830378252895],[12,0.30781074265607389,0.2419747,2.8081572542255904],[12.5,0.28084265311015816,0.2442245,2.5675459199915815],[13,0.25739210471510704,0.2461997,2.3575757956833741],[13.5,0.23686049529780551,0.2479627,2.1731498487554846],[14,0.21875797141446626,0.2495577,2.0100814765988915],[14.5,0.20271409861574533,0.2509847,1.8652188383825796],[15,0.18840904065775155,0.252264,1.7357120420335694],[15.5,0.17561314479233944,0.2534147,1.6196972558443],[16,0.16410075457104714,0.2544674,1.5150276069564157],[16.5,0.15368945061423059,0.2554155,1.4201412124203905],[17,0.14426670448695597,0.2562805,1.3341614468096734],[17.5,0.13570607642682816,0.2570865,1.2559578643944722],[18,0.12789268138392293,0.257813,1.1844475749419896],[18.5,0.12074893346177488,0.2585008,1.1189842820593172],[19,0.11419812409594782,0.2591206,1.0589027817463088],[19.5,0.10816199253895,0.2596906,1.0034433319666207],[20,0.10261415008892678,0.2602409,0.952478163131939]]},"Added_Mass_Coeffs":{"description":"Frequency-dependent added mass coefficients at CG vs. Wave Period","x_variable":{"name":"Period","unit":"s"},"y_variables":[{"name":"A11","unit":"x10^3 kg"},{"name":"A33","unit":"x10^3 kg"},{"name":"Abs_A15","unit":"x10^3 kg*m"},{"name":"A55","unit":"x10^3 kg*m^2"}],"data":[[0.5,5.96414495,13.45202825,6.676381283695,10.22598252382249],[1,5.1814088249999992,12.22198725,6.8732491033324985,10.872199180645776],[1.5,2.6822938,11.035969999999999,6.12563435518,10.254465148860898],[2,-2.17965635,14.4620735,3.619602432765,9.5772178745575189],[2.5,-4.742282425,18.83438525,0.26687306545750017,7.5420901534851161],[3,17.80971325,20.11327775,9.1323121333249979,10.66494243242153],[3.5,26.14652,18.659551000000004,14.744021972000002,13.950655818049206],[4,23.358232999999995,17.511171750000003,14.150904176299992,14.013229551900917],[4.5,20.768262999999997,16.95609325,13.125656659299999,13.617105177977225],[5,19.048559,16.75474225,12.362414049900002,13.26938715542839],[5.5,17.91178275,16.72921975,11.833328827275002,13.011152712531624],[6,17.13313125,16.771993,11.462826663125004,12.825645877101325],[6.5,16.57870875,16.841939,11.195513335875003,12.68955934982009],[7,16.17149675,16.920566750000003,10.998317472675,12.587805696447569],[7.5,15.86344325,16.99606825,10.847720686325001,12.508006330474835],[8,15.6247515,17.062611250000003,10.73136862415,12.446944727861315],[8.5,15.436705,17.11996,10.640144950499998,12.398699819103046],[9.000001,15.284923000000001,17.167376500000003,10.566151135300002,12.359615436665834],[9.5,15.16078525,17.207382250000002,10.505373892525,12.326061649694655],[10,15.058049500000001,17.2402335,10.455626846949999,12.299986362460894],[10.5,14.9715805,17.26617625,10.413542196050003,12.277487400331413],[11,14.89900025,17.28681975,10.378902279024999,12.259588496029798],[11.5,14.83672125,17.303434999999997,10.348687087124999,12.242539210190214],[12,14.78288825,17.316145,10.323035875825001,12.229601445238282],[12.5,14.73627125,17.32548275,10.300673217124997,12.217879826220706],[13,14.69520975,17.33271925,10.280644751975002,12.2065445531943],[13.5,14.65914,17.337916,10.263284779000003,12.197033849204404],[14,14.627344500000001,17.340991000000002,10.248356246450003,12.189857892167849],[14.5,14.598993,17.34296925,10.235056537299998,12.182533615525525],[15,14.57343975,17.3450295,10.222534754975001,12.175092725292599],[15.5,14.55101275,17.345716250000002,10.212215805274997,12.170374143414923],[16,14.53102525,17.34583925,10.203053381524999,12.165943294330047],[16.5,14.512493250000002,17.34544975,10.194314141325004,12.161397569475335],[17,14.496113750000001,17.3441685,10.186962556375,12.158120844170142],[17.5,14.48045175,17.34204675,10.179304773175001,12.15386544829812],[18,14.46653225,17.34141125,10.172546294224999,12.149787183349519],[18.5,14.45369925,17.3394535,10.166604807925001,12.146847068932594],[19,14.442086000000002,17.336511750000003,10.161205709600003,12.144080415737061],[19.5,14.43118,17.334000500000002,10.155884623000002,12.141072653692804],[20,14.421032499999999,17.3316635,10.15082687325,12.138278174484327]]},"NatPeriods_vs_WavePeriod":{"description":"Calculated Natural Periods T1, T2, T3 vs. Wave Period (due to freq-dep added mass)","x_variable":{"name":"WavePeriod","unit":"s"},"y_variables":[{"name":"NatPeriod_T1","unit":"s"},{"name":"NatPeriod_T2","unit":"s"},{"name":"NatPeriod_T3","unit":"s"}],"data":[[0.5,3.5809222551708109,1.5407591575311137,1.472511568364484],[1,3.5192687314393849,1.5543616427766824,1.4396991388487594],[1.5,3.2915972875106685,1.5365007506087283,1.4073368188521451],[2,2.775710251176748,1.5600002984357511,1.4989184379340441],[2.5,2.4368164743973066,1.6082359846188168,1.5407919977045632],[3,4.4824055473059161,1.6388333527954217,1.5487019985395605],[3.5,5.0565402390425058,1.6040077447328329,1.5606703986104871],[4,4.884993650472313,1.5759530748916553,1.5638173704446483],[4.5,4.71476982297826,1.5641432847646866,1.5622120155987602],[5,4.5972931700032129,1.563750735828231,1.5571975693161237],[5.5,4.5176675613086745,1.5631783286770997,1.5565608032484948],[6,4.4622113247039854,1.5627064363450378,1.5576278143252145],[6.5,4.4222599011467549,1.5623230764271721,1.5593710970796848],[7,4.392675047665481,1.5619956415982585,1.5613284335414583],[7.5,4.370143887815563,1.5632056395303298,1.5616808676295262],[8,4.35261042641811,1.5648582417626593,1.5614551990371035],[8.5,4.338752643125332,1.5662811049986682,1.5612568348328864],[9.000001,4.3275307966884382,1.5674565666004143,1.561102334034733],[9.5,4.3183273915553517,1.5684476295187886,1.5609213040160934],[10,4.3107032630334663,1.5692609859076496,1.5608202943143294],[10.5,4.3042730976389008,1.5699029985812976,1.560720228615331],[11,4.2988769227074055,1.5704136816761127,1.5606529441348829],[11.5,4.294234601441409,1.5708245925065996,1.5605441989817697],[12,4.290224223853575,1.571138850271572,1.5605062021142302],[12.5,4.2867463691123611,1.5713696883079575,1.5604576205844141],[13,4.2836762449905121,1.5715485581303303,1.5603855272183504],[13.5,4.2809805233846516,1.5716769974136517,1.5603322760564804],[14,4.2786078659582927,1.5717529920485076,1.5603209861569667],[14.5,4.2764907742911982,1.5718018800148357,1.5602739231980198],[15,4.27457500673655,1.5718527927592443,1.5602155596308556],[15.5,4.2729017496064214,1.5718697633050041,1.5602143265264778],[16,4.2714102388566406,1.5718728027881681,1.560203203963874],[16.5,4.2700237733423689,1.5718631777424741,1.5601834606702296],[17,4.2688027483537612,1.5718315159797482,1.5601832885018179],[17.5,4.26762689447882,1.5717790826977831,1.5601590133553036],[18,4.2665820014947631,1.5717633777219042,1.5601241868427356],[18.5,4.2656222779098467,1.5717149952075979,1.5601151610516812],[19,4.2647532708911493,1.5716422919799213,1.5601035200981779],[19.5,4.2639338542417233,1.5715802255971749,1.5600844770557409],[20,4.2631700266029622,1.5715224636598963,1.5600703615507741]]},"ModalPower_Total_SignedPct":{"description":"Signed percentage contribution of each mode to total average power vs. Peak Wave Period (at Hs=1m ref)","x_variable":{"name":"PeakPeriod","unit":"s"},"y_variables":[{"name":"Surge_Contrib","unit":"percent"},{"name":"Heave_Contrib","unit":"percent"},{"name":"Pitch_Contrib","unit":"percent"}],"data":[[0.5,97.3309362456276,0.0033994015132771285,2.6656643528591295],[1,94.533123719865884,2.9761379896694065,2.4907382904647011],[1.5,31.281134220921626,66.979800531947291,1.7390652471310841],[2,1.4033197851901946,98.136394845522943,0.46028536928686625],[2.5,87.747356636094224,4.7387543553366349,7.5138890085691505],[3,88.2533015927282,10.015812615065384,1.7308857922064194],[3.5,98.069213480579933,0.71472166496528255,1.2160648544547841],[4,98.7068862827075,0.020035106673968638,1.2730786106185181],[4.5,98.361328624071675,0.17037077527340161,1.4683006006549326],[5,98.080615947006962,0.29889026850465578,1.6204937844883873],[5.5,97.7301443721338,0.72611164389511418,1.54374398397111],[6,96.73324770179714,1.8121867584920897,1.4545655397107728],[6.5,94.756366597641176,3.8461841973917243,1.3974492049670975],[7,91.643052229331772,7.0119606963154624,1.344987074352771],[7.5,87.360811833803638,11.356254592324417,1.2829335738719607],[8,82.0062931114537,16.785611262513285,1.2080956260330087],[8.5,75.799982714979876,23.078401091707992,1.1216161933121473],[9,69.058270940854158,29.91656145756054,1.0251676015853037],[9.5,62.114291663794596,36.96016434455327,0.92554399165212242],[10,55.25947473942734,43.914418153656023,0.82610710691664535],[10.5,48.749362032324875,50.519343791298525,0.73129417637661076],[11,42.721650320897375,56.635540067867332,0.6428096112352969],[11.5,37.288125010107727,62.1497241605573,0.56215082933498],[12,32.464912557533168,67.0445791602268,0.49050828224002119],[12.5,28.231198324578589,71.341410877583,0.42739079783841405],[13,24.562494480253108,75.064906807084981,0.37259871266189842],[13.5,21.367704812394479,78.307463641608038,0.32483154599748426],[14,18.632120289149011,81.084285489576487,0.28359422127450157],[14.5,16.292368968053005,83.45923725189418,0.24839378005280721],[15,14.275567975243908,85.50668740662411,0.21774461813198961],[15.5,12.540135683090531,87.268209344311416,0.19165497259806874],[16,11.050724936857126,88.780350434885875,0.1689246282569993],[16.5,9.7558724520135716,90.094750676034948,0.14937687195147256],[17,8.6501868048678219,91.217250855491088,0.13256233964107866],[17.5,7.684526586335136,92.19760847982181,0.11786493384305358],[18,6.8533072228888843,93.041591619964478,0.10510115714664058],[18.5,6.1200432318398823,93.785904260115231,0.09405250804488445],[19,5.4910562316720926,94.4244774927596,0.084466275568303967],[19.5,4.92795172841332,94.996232086639424,0.075816184947272131],[20,4.4439541577472443,95.487732720877261,0.068313121375504229]]},"ModalPower_DB_SignedPct":{"description":"Signed percentage contribution of each mode to DB Tether average power vs. Peak Wave Period (at Hs=1m ref)","x_variable":{"name":"PeakPeriod","unit":"s"},"y_variables":[{"name":"Surge_Contrib","unit":"percent"},{"name":"Heave_Contrib","unit":"percent"},{"name":"Pitch_Contrib","unit":"percent"}],"data":[[0.5,97.900993417585454,-0.58228787939256288,2.6812944618071164],[1,117.07743677051241,-20.165356981241668,3.0879202107292483],[1.5,37.785389081045288,60.0231615946592,2.1914493242955011],[2,9.2423874338367664,88.228399616047454,2.5292129501157863],[2.5,91.9706809348586,-0.38622762800724658,8.4155466931486433],[3,133.96046401649565,-37.414031521102153,3.4535675046064891],[3.5,107.85870487615914,-9.20054320143247,1.3418383252733137],[4,97.374635134592253,1.3696109121340474,1.2557539532736821],[4.5,94.638567234767,3.9599348469397055,1.4014979182932945],[5,93.967804602693946,4.5075923819614587,1.5246030153446049],[5.5,93.854492461420662,4.6996773042894668,1.4458302342898603],[6,93.3819043155979,5.2594981695394178,1.3585975148626954],[6.5,92.074505743207581,6.62199729484155,1.3034969619508734],[7,89.677206763825282,9.0725419051031935,1.2502513310715233],[7.5,86.064565512403789,12.744661366953688,1.1907731206425263],[8,81.284699848522962,17.596958532166955,1.1183416193100926],[8.5,75.50727133176342,23.458072030377096,1.0346566378594759],[9,69.03690274634296,30.022237350515031,0.94085990314199308],[9.5,62.222000249789367,36.933939685234449,0.84406006497619657],[10,55.383597680899612,43.868975384045179,0.74742693505520663],[10.5,48.819785551145458,50.52438013370233,0.65583431515221913],[11,42.697427758333092,56.732458653157614,0.57011358850929417],[11.5,37.162864550786132,62.343866733894629,0.49326871531924732],[12,32.242819716580954,67.331836319695853,0.42534396372317268],[12.5,27.925150933963838,71.708844813205133,0.36600425283103416],[13,24.188477302248739,75.496483786271909,0.315038911479358],[13.5,20.941821169292947,78.7871274328352,0.27105139787185],[14,18.176630672119863,81.589937541247579,0.23343178663255698],[14.5,15.810766530553691,83.987637713790647,0.20159575565567078],[15,13.80374251301669,86.021596308873583,0.17466117810972437],[15.5,12.052249168737095,87.796377695784528,0.15137313547837553],[16,10.587309198559648,89.280782174203424,0.13190862723693497],[16.5,9.2921971093265086,90.592944041861884,0.11485884881160889],[17,8.1962677181135533,91.703194324095108,0.10053795779135022],[17.5,7.2496566434838581,92.662165696433007,0.088177660083139958],[18,6.4521790930740535,93.470064539707138,0.0777563672187835],[18.5,5.73295939407827,94.198444741012437,0.0685958649092849],[19,5.125565745907358,94.813598522172953,0.06083573191968631],[19.5,4.5764734683404837,95.369758604366424,0.053767927293093293],[20,4.1161319088213828,95.836013579236962,0.04785451194165171]]},"ModalPower_CA_SignedPct":{"description":"Signed percentage contribution of each mode to CA Tether average power vs. Peak Wave Period (at Hs=1m ref)","x_variable":{"name":"PeakPeriod","unit":"s"},"y_variables":[{"name":"Surge_Contrib","unit":"percent"},{"name":"Heave_Contrib","unit":"percent"},{"name":"Pitch_Contrib","unit":"percent"}],"data":[[0.5,96.773929934638446,0.57567873193497954,2.650391333426577],[1,83.171452866809545,14.638772579851562,2.1897745533388995],[1.5,-4.7215464128506159,105.48660026312203,-0.76505385027139161],[2,-11.921635745872949,114.97823146353323,-3.0565957176602749],[2.5,84.30319187570592,8.9185239003638355,6.7782842239302434],[3,74.698502359259223,24.081513761924413,1.2199838788163893],[3.5,91.088589893600911,7.7850514131206126,1.1263586932784708],[4,100.11518526401615,-1.4065861276605034,1.2914008636443568],[4.5,102.75194199897277,-4.2990412882397449,1.5470992892669804],[5,103.0320185536365,-4.767958069019647,1.7359395153831372],[5.5,102.35105249511676,-4.0115783948983808,1.66052589978162],[6,100.64409345105523,-2.2106366932874355,1.5665432422321939],[6.5,97.805396126068445,0.69034987314312735,1.5042540007884202],[7,93.817977841466956,4.7322404606331814,1.4497816978998526],[7.5,88.757491297258738,9.8602945802627566,1.3822141224784907],[8,82.765051059540014,15.932502487883053,1.3024464525769304],[8.5,76.101188214496347,22.687719204661967,1.2110925808416959],[9,69.079979814551407,29.809658415896205,1.1103617695523758],[9.5,62.007704870352654,36.9856067614406,1.0066883682067329],[10,55.137279141337977,43.959099528634383,0.90362133002764478],[10.5,48.682689716963758,50.512290087247756,0.805020195788472],[11,42.747810675494051,56.538732517792411,0.71345680671353218],[11.5,37.409521034472718,61.961571458859396,0.62890750666786888],[12,32.679819417237745,66.766636069214442,0.55354451354782375],[12.5,28.527105073426167,70.9861637678574,0.48673115871644046],[13,24.92475022898946,74.647010630445948,0.42823914056459716],[13.5,21.780750215025105,77.8423939211867,0.376855863788215],[14,19.074029163411282,80.5937757985791,0.33219503800961886],[14.5,16.760686005961688,82.945534635133882,0.29377935890441847],[15,14.73411347388433,85.006274073235261,0.25961245288041579],[15.5,13.01574886389996,86.75340778051121,0.23084335558884436],[16,11.502494734860315,88.292496861063569,0.20500840407610804],[16.5,10.209002533809141,89.6079267060633,0.18307076012754958],[17,9.0945067433902533,90.741632296083822,0.16386096052592913],[17.5,8.1107188251478828,91.742359602475588,0.14692157237653478],[18,7.2466116223966148,92.62147676354202,0.13191161406136873],[18.5,6.5001103592661789,93.380852487291861,0.11903715344195789],[19,5.8502907429742512,94.042017662626876,0.10769159439887965],[19.5,5.2738690635307579,94.628626580012792,0.097504356456455346],[20,4.7668357162157156,95.14470143530005,0.088462848484238452]]}}}}